partner	yeastresnum	mean_n_contacts	avg_interface_size	relative_contact	percent_interface
NUP1	12	6	66	0.0909	9.09
NUP60	12	6	66	0.0909	9.09
YRB1	12	1.5	369.84	0.0041	0.41
NUP1	13	3	66	0.0455	4.55
NUP60	13	3	66	0.0455	4.55
YRB2	13	2	293	0.0068	0.68
CRM1	14	1	264.76	0.0038	0.38
CSE1	14	1	166	0.006	0.6
RNA1	20	3.5	164	0.0213	2.13
SRM1	21	10	235	0.0426	4.26
CRM1	21	4	264.76	0.0151	1.51
PSE1	21	2	159	0.0126	1.26
SRM1	22	8	235	0.034	3.4
CRM1	22	5	264.76	0.0189	1.89
PSE1	22	5	159	0.0314	3.14
RNA1	22	2	164	0.0122	1.22
CSE1	22	1	166	0.006	0.6
KAP95	31	11.5	270.32	0.0425	4.25
LOS1	31	5	116	0.0431	4.31
YRB1	31	4.25	369.84	0.0115	1.15
YRB2	31	4	293	0.0137	1.37
KAP95	32	2	270.32	0.0074	0.74
YRB2	32	2	293	0.0068	0.68
KAP95	33	1	270.32	0.0037	0.37
YRB2	34	7.5	293	0.0256	2.56
YRB1	34	7	369.84	0.0189	1.89
KAP95	34	2	270.32	0.0074	0.74
YRB1	35	10.75	369.84	0.0291	2.91
YRB2	35	8.5	293	0.029	2.9
KAP95	35	5	270.32	0.0185	1.85
YRB1	36	8	369.84	0.0216	2.16
YRB2	36	7	293	0.0239	2.39
KAP95	36	1.5	270.32	0.0055	0.55
KAP95	37	7	270.32	0.0259	2.59
CSE1	37	3	166	0.0181	1.81
LOS1	37	2	116	0.0172	1.72
YRB2	37	1	293	0.0034	0.34
KAP95	39	13	270.32	0.0481	4.81
CRM1	39	8	264.76	0.0302	3.02
CSE1	39	7	166	0.0422	4.22
LOS1	39	4	116	0.0345	3.45
NUP1	40	7	66	0.1061	10.61
NUP60	40	7	66	0.1061	10.61
CRM1	40	5	264.76	0.0189	1.89
YRB2	40	4	293	0.0137	1.37
LOS1	40	3	116	0.0259	2.59
KAP95	40	1.5	270.32	0.0055	0.55
RNA1	40	1.5	164	0.0091	0.91
RNA1	41	11	164	0.0671	6.71
PSE1	41	9	159	0.0566	5.66
CRM1	41	7.5	264.76	0.0283	2.83
LOS1	41	3	116	0.0259	2.59
NTF2	41	3	106	0.0283	2.83
CSE1	41	2	166	0.012	1.2
CRM1	42	6.5	264.76	0.0246	2.46
NUP1	42	3	66	0.0455	4.55
NUP60	42	3	66	0.0455	4.55
NTF2	42	1	106	0.0094	0.94
RNA1	43	2.5	164	0.0152	1.52
NTF2	43	1	106	0.0094	0.94
NTF2	44	9	106	0.0849	8.49
NUP1	44	1	66	0.0152	1.52
NUP60	44	1	66	0.0152	1.52
RNA1	44	1	164	0.0061	0.61
RNA1	45	19.5	164	0.1189	11.89
NTF2	45	11	106	0.1038	10.38
CRM1	45	4	264.76	0.0151	1.51
NUP1	45	3	66	0.0455	4.55
NUP60	45	3	66	0.0455	4.55
CSE1	45	2	166	0.012	1.2
MSN5	45	1	134	0.0075	0.75
KAP104	46	2	274	0.0073	0.73
NTF2	46	2	106	0.0189	1.89
RNA1	46	2	164	0.0122	1.22
CRM1	46	1.33	264.76	0.005	0.5
PSE1	47	6	159	0.0377	3.77
CSE1	47	4	166	0.0241	2.41
CRM1	47	2.4	264.76	0.0091	0.91
KAP104	47	1	274	0.0036	0.36
KAP95	47	1	270.32	0.0037	0.37
MSN5	47	1	134	0.0075	0.75
RNA1	47	1	164	0.0061	0.61
KAP104	48	13	274	0.0474	4.74
CRM1	48	2	264.76	0.0076	0.76
PSE1	48	2	159	0.0126	1.26
RNA1	48	1	164	0.0061	0.61
PSE1	49	13	159	0.0818	8.18
KAP104	49	5	274	0.0182	1.82
CRM1	49	3.25	264.76	0.0123	1.23
KAP95	49	2.33	270.32	0.0086	0.86
MSN5	49	2	134	0.0149	1.49
NUP1	49	2	66	0.0303	3.03
NUP60	49	2	66	0.0303	3.03
YRB1	52	1	369.84	0.0027	0.27
YRB1	53	3.5	369.84	0.0095	0.95
YRB2	53	3.5	293	0.0119	1.19
YRB1	54	3.33	369.84	0.009	0.9
YRB2	54	1.5	293	0.0051	0.51
YRB2	55	4.5	293	0.0154	1.54
NUP1	56	1	66	0.0152	1.52
NUP60	56	1	66	0.0152	1.52
YRB1	56	1	369.84	0.0027	0.27
YRB2	56	1	293	0.0034	0.34
YRB1	57	13.33	369.84	0.036	3.6
YRB2	57	9	293	0.0307	3.07
YRB2	58	16.5	293	0.0563	5.63
YRB1	58	14	369.84	0.0379	3.79
NUP1	58	7	66	0.1061	10.61
NUP60	58	7	66	0.1061	10.61
YRB2	59	3	293	0.0102	1.02
YRB1	59	2.67	369.84	0.0072	0.72
NUP1	60	2	66	0.0303	3.03
NUP60	60	2	66	0.0303	3.03
YRB1	60	1	369.84	0.0027	0.27
YRB2	61	1	293	0.0034	0.34
CSE1	66	12	166	0.0723	7.23
NUP1	66	8	66	0.1212	12.12
NUP60	66	8	66	0.1212	12.12
PSE1	66	6	159	0.0377	3.77
CRM1	66	4.4	264.76	0.0166	1.66
KAP104	66	4	274	0.0146	1.46
KAP95	66	3.33	270.32	0.0123	1.23
LOS1	66	3	116	0.0259	2.59
NTF2	69	5	106	0.0472	4.72
SRM1	69	4	235	0.017	1.7
NTF2	70	2	106	0.0189	1.89
SRM1	70	1	235	0.0043	0.43
RNA1	71	23	164	0.1402	14.02
NTF2	71	5	106	0.0472	4.72
CRM1	71	2	264.76	0.0076	0.76
RNA1	72	12.5	164	0.0762	7.62
KAP95	72	6.67	270.32	0.0247	2.47
CRM1	72	3.33	264.76	0.0126	1.26
NTF2	73	14	106	0.1321	13.21
SRM1	73	10	235	0.0426	4.26
CRM1	73	5	264.76	0.0189	1.89
RNA1	73	2	164	0.0122	1.22
SRM1	74	25	235	0.1064	10.64
NTF2	74	18	106	0.1698	16.98
KAP104	74	7	274	0.0255	2.55
SRM1	75	6	235	0.0255	2.55
CSE1	76	6	166	0.0361	3.61
SRM1	76	6	235	0.0255	2.55
KAP104	76	4	274	0.0146	1.46
MSN5	76	4	134	0.0299	2.99
PSE1	76	3	159	0.0189	1.89
CRM1	76	2.8	264.76	0.0106	1.06
KAP95	76	2.33	270.32	0.0086	0.86
LOS1	76	2	116	0.0172	1.72
MSN5	77	9	134	0.0672	6.72
CSE1	77	8	166	0.0482	4.82
RNA1	77	8	164	0.0488	4.88
CRM1	77	6.6	264.76	0.0249	2.49
KAP95	77	6.33	270.32	0.0234	2.34
PSE1	77	4	159	0.0252	2.52
LOS1	77	3	116	0.0259	2.59
KAP104	77	1	274	0.0036	0.36
NTF2	78	24	106	0.2264	22.64
SRM1	78	24	235	0.1021	10.21
KAP104	78	22	274	0.0803	8.03
LOS1	78	9	116	0.0776	7.76
CSE1	78	5	166	0.0301	3.01
KAP95	78	4	270.32	0.0148	1.48
CRM1	78	2.5	264.76	0.0094	0.94
RNA1	78	1	164	0.0061	0.61
CSE1	79	13	166	0.0783	7.83
MSN5	79	10	134	0.0746	7.46
CRM1	79	9.6	264.76	0.0363	3.63
KAP95	79	9.33	270.32	0.0345	3.45
LOS1	79	9	116	0.0776	7.76
PSE1	79	5	159	0.0314	3.14
NTF2	79	4	106	0.0377	3.77
KAP104	79	2	274	0.0073	0.73
NTF2	80	7	106	0.066	6.6
MSN5	80	6	134	0.0448	4.48
CRM1	80	5.8	264.76	0.0219	2.19
PSE1	80	5	159	0.0314	3.14
KAP104	80	4	274	0.0146	1.46
LOS1	80	4	116	0.0345	3.45
CSE1	80	2	166	0.012	1.2
KAP95	80	2	270.32	0.0074	0.74
NUP1	80	2	66	0.0303	3.03
NUP60	80	2	66	0.0303	3.03
PSE1	81	8	159	0.0503	5.03
CRM1	81	5	264.76	0.0189	1.89
KAP95	81	4	270.32	0.0148	1.48
LOS1	81	2	116	0.0172	1.72
RNA1	81	2	164	0.0122	1.22
CSE1	81	1	166	0.006	0.6
MSN5	81	1	134	0.0075	0.75
KAP95	83	10	270.32	0.037	3.7
MSN5	83	10	134	0.0746	7.46
CSE1	83	9	166	0.0542	5.42
KAP104	83	9	274	0.0328	3.28
PSE1	83	8	159	0.0503	5.03
CRM1	83	6.2	264.76	0.0234	2.34
LOS1	83	4	116	0.0345	3.45
NUP1	83	1	66	0.0152	1.52
NUP60	83	1	66	0.0152	1.52
NUP1	84	14	66	0.2121	21.21
NUP60	84	14	66	0.2121	21.21
KAP95	84	10.67	270.32	0.0395	3.95
KAP104	84	10	274	0.0365	3.65
CRM1	84	5.6	264.76	0.0212	2.12
PSE1	84	3	159	0.0189	1.89
CSE1	84	2	166	0.012	1.2
CRM1	93	3	264.76	0.0113	1.13
CSE1	93	2	166	0.012	1.2
PSE1	93	1	159	0.0063	0.63
RNA1	93	1	164	0.0061	0.61
SRM1	95	4	235	0.017	1.7
CSE1	95	3	166	0.0181	1.81
RNA1	96	14	164	0.0854	8.54
SRM1	96	10	235	0.0426	4.26
CRM1	96	4	264.76	0.0151	1.51
CSE1	96	1	166	0.006	0.6
RNA1	97	23.5	164	0.1433	14.33
SRP1	97	23	57	0.4035	40.35
SRM1	97	17	235	0.0723	7.23
RNA1	98	9.5	164	0.0579	5.79
SRM1	98	5	235	0.0213	2.13
CRM1	98	2.75	264.76	0.0104	1.04
CSE1	98	1	166	0.006	0.6
SRP1	98	1	57	0.0175	1.75
CRM1	99	3	264.76	0.0113	1.13
SRM1	99	2	235	0.0085	0.85
SRM1	100	5	235	0.0213	2.13
SRM1	101	21	235	0.0894	8.94
SRP1	101	11	57	0.193	19.3
CRM1	101	2.67	264.76	0.0101	1.01
SRM1	102	5	235	0.0213	2.13
LOS1	102	1	116	0.0086	0.86
RNA1	102	1	164	0.0061	0.61
MSN5	104	5	134	0.0373	3.73
SRM1	104	5	235	0.0213	2.13
CRM1	104	1.5	264.76	0.0057	0.57
LOS1	104	1	116	0.0086	0.86
MSN5	105	9	134	0.0672	6.72
SRM1	105	8	235	0.034	3.4
CRM1	105	3	264.76	0.0113	1.13
LOS1	105	2	116	0.0172	1.72
KAP95	105	1	270.32	0.0037	0.37
KAP95	106	4	270.32	0.0148	1.48
MSN5	108	30	134	0.2239	22.39
SRM1	108	21	235	0.0894	8.94
CRM1	108	11.2	264.76	0.0423	4.23
LOS1	108	9	116	0.0776	7.76
KAP95	108	2.67	270.32	0.0099	0.99
KAP104	108	2	274	0.0073	0.73
PSE1	108	1	159	0.0063	0.63
SRM1	109	9	235	0.0383	3.83
MSN5	109	3	134	0.0224	2.24
KAP95	109	1.5	270.32	0.0055	0.55
KAP95	112	25.33	270.32	0.0937	9.37
PSE1	112	19	159	0.1195	11.95
CSE1	112	15	166	0.0904	9.04
SRM1	112	15	235	0.0638	6.38
CRM1	112	14.2	264.76	0.0536	5.36
KAP104	112	12	274	0.0438	4.38
LOS1	112	12	116	0.1034	10.34
MSN5	112	12	134	0.0896	8.96
CSE1	113	4	166	0.0241	2.41
LOS1	113	4	116	0.0345	3.45
MSN5	113	4	134	0.0299	2.99
PSE1	113	4	159	0.0252	2.52
CRM1	113	2.4	264.76	0.0091	0.91
KAP95	113	2	270.32	0.0074	0.74
PSE1	115	10	159	0.0629	6.29
KAP95	115	8	270.32	0.0296	2.96
LOS1	115	8	116	0.069	6.9
MSN5	115	5	134	0.0373	3.73
CSE1	115	3	166	0.0181	1.81
CRM1	115	2.5	264.76	0.0094	0.94
YRB1	116	2.5	369.84	0.0068	0.68
YRB2	116	1	293	0.0034	0.34
YRB2	117	6	293	0.0205	2.05
YRB1	117	2.5	369.84	0.0068	0.68
YRB2	118	6	293	0.0205	2.05
YRB1	118	3.5	369.84	0.0095	0.95
LOS1	125	5	116	0.0431	4.31
CSE1	125	3	166	0.0181	1.81
RNA1	125	2.5	164	0.0152	1.52
PSE1	125	1	159	0.0063	0.63
KAP104	126	3	274	0.0109	1.09
CSE1	126	2	166	0.012	1.2
CSE1	127	6	166	0.0361	3.61
KAP104	127	3	274	0.0109	1.09
CSE1	128	7	166	0.0422	4.22
KAP104	128	4	274	0.0146	1.46
RNA1	128	1	164	0.0061	0.61
KAP104	129	28	274	0.1022	10.22
CSE1	129	9	166	0.0542	5.42
CRM1	129	5	264.76	0.0189	1.89
MSN5	129	4	134	0.0299	2.99
KAP95	129	3	270.32	0.0111	1.11
RNA1	130	6.5	164	0.0396	3.96
SRP1	130	1	57	0.0175	1.75
CRM1	131	3.4	264.76	0.0128	1.28
KAP104	131	1	274	0.0036	0.36
SRP1	131	1	57	0.0175	1.75
RNA1	132	11.5	164	0.0701	7.01
SRP1	132	8	57	0.1404	14.04
CRM1	132	1	264.76	0.0038	0.38
MSN5	132	1	134	0.0075	0.75
SRM1	132	1	235	0.0043	0.43
KAP104	134	5	274	0.0182	1.82
CSE1	134	2	166	0.012	1.2
SRP1	134	2	57	0.0351	3.51
CRM1	134	1.5	264.76	0.0057	0.57
CRM1	135	2	264.76	0.0076	0.76
KAP104	135	2	274	0.0073	0.73
CSE1	135	1	166	0.006	0.6
CSE1	136	8	166	0.0482	4.82
SRP1	136	8	57	0.1404	14.04
KAP104	136	5	274	0.0182	1.82
SRM1	136	4	235	0.017	1.7
CRM1	136	3	264.76	0.0113	1.13
KAP95	136	2	270.32	0.0074	0.74
SRP1	137	2	57	0.0351	3.51
SRM1	139	2	235	0.0085	0.85
CRM1	141	5.4	264.76	0.0204	2.04
KAP104	141	5	274	0.0182	1.82
YRB1	141	3.5	369.84	0.0095	0.95
KAP95	141	2.67	270.32	0.0099	0.99
PSE1	142	20	159	0.1258	12.58
KAP95	142	17.33	270.32	0.0641	6.41
CRM1	142	13.6	264.76	0.0514	5.14
KAP104	142	13	274	0.0474	4.74
YRB1	142	5.5	369.84	0.0149	1.49
SRM1	142	4	235	0.017	1.7
LOS1	142	1	116	0.0086	0.86
KAP104	143	14	274	0.0511	5.11
PSE1	143	11	159	0.0692	6.92
CRM1	143	6.6	264.76	0.0249	2.49
KAP95	143	6.33	270.32	0.0234	2.34
SRM1	143	3	235	0.0128	1.28
CSE1	143	1	166	0.006	0.6
PSE1	144	3	159	0.0189	1.89
KAP95	144	2	270.32	0.0074	0.74
CRM1	144	1	264.76	0.0038	0.38
YRB1	145	16	369.84	0.0433	4.33
CRM1	145	15.6	264.76	0.0589	5.89
CSE1	145	8	166	0.0482	4.82
KAP95	145	6	270.32	0.0222	2.22
KAP104	145	5	274	0.0182	1.82
PSE1	145	4	159	0.0252	2.52
MSN5	145	1	134	0.0075	0.75
KAP104	146	5	274	0.0182	1.82
YRB1	146	4	369.84	0.0108	1.08
KAP95	146	3	270.32	0.0111	1.11
KAP95	147	7.33	270.32	0.0271	2.71
KAP104	147	6	274	0.0219	2.19
CRM1	147	3.8	264.76	0.0144	1.44
MSN5	147	2	134	0.0149	1.49
KAP104	148	6	274	0.0219	2.19
CRM1	148	1.2	264.76	0.0045	0.45
MSN5	149	7	134	0.0522	5.22
LOS1	149	6	116	0.0517	5.17
PSE1	149	4	159	0.0252	2.52
KAP95	149	2.67	270.32	0.0099	0.99
KAP104	150	6	274	0.0219	2.19
CRM1	150	3.8	264.76	0.0144	1.44
LOS1	154	7	116	0.0603	6.03
CSE1	154	6	166	0.0361	3.61
KAP95	154	3.5	270.32	0.0129	1.29
CRM1	154	1	264.76	0.0038	0.38
CSE1	155	6	166	0.0361	3.61
CRM1	155	5	264.76	0.0189	1.89
KAP95	155	4.5	270.32	0.0166	1.66
KAP104	155	1	274	0.0036	0.36
LOS1	155	1	116	0.0086	0.86
KAP95	156	13	270.32	0.0481	4.81
KAP104	156	11	274	0.0401	4.01
YRB2	156	5	293	0.0171	1.71
LOS1	156	1	116	0.0086	0.86
KAP104	157	26	274	0.0949	9.49
CRM1	157	14.8	264.76	0.0559	5.59
KAP95	157	7.5	270.32	0.0277	2.77
KAP104	158	4	274	0.0146	1.46
KAP95	158	2.5	270.32	0.0092	0.92
CRM1	158	1	264.76	0.0038	0.38
YRB2	158	1	293	0.0034	0.34
KAP104	159	5	274	0.0182	1.82
YRB2	159	5	293	0.0171	1.71
YRB1	159	3	369.84	0.0081	0.81
KAP95	159	2.5	270.32	0.0092	0.92
KAP104	160	6	274	0.0219	2.19
YRB2	160	5	293	0.0171	1.71
YRB1	160	4.75	369.84	0.0128	1.28
KAP95	160	4.5	270.32	0.0166	1.66
LOS1	161	5	116	0.0431	4.31
MSN5	161	3	134	0.0224	2.24
KAP95	161	2	270.32	0.0074	0.74
PSE1	161	2	159	0.0126	1.26
KAP95	165	3.5	270.32	0.0129	1.29
YRB1	165	2	369.84	0.0054	0.54
KAP104	168	5	274	0.0182	1.82
KAP95	168	3	270.32	0.0111	1.11
MSN5	168	1	134	0.0075	0.75
YRB1	169	8	369.84	0.0216	2.16
KAP95	169	5	270.32	0.0185	1.85
CRM1	169	2.2	264.76	0.0083	0.83
MSN5	169	1	134	0.0075	0.75
YRB2	169	1	293	0.0034	0.34
YRB1	170	9.5	369.84	0.0257	2.57
YRB2	170	8	293	0.0273	2.73
NUP1	170	4	66	0.0606	6.06
NUP60	170	4	66	0.0606	6.06
YRB1	171	5	369.84	0.0135	1.35
YRB2	171	4.5	293	0.0154	1.54
NUP1	171	2	66	0.0303	3.03
NUP60	171	2	66	0.0303	3.03
YRB1	172	2.5	369.84	0.0068	0.68
YRB2	172	1	293	0.0034	0.34
KAP95	174	3	270.32	0.0111	1.11
CRM1	174	2.33	264.76	0.0088	0.88
KAP104	174	1	274	0.0036	0.36
MSN5	174	1	134	0.0075	0.75
KAP104	175	2	274	0.0073	0.73
KAP95	175	1	270.32	0.0037	0.37
MSN5	175	1	134	0.0075	0.75
YRB1	175	1	369.84	0.0027	0.27
YRB2	175	1	293	0.0034	0.34
KAP104	177	4	274	0.0146	1.46
KAP95	177	4	270.32	0.0148	1.48
YRB2	178	6	293	0.0205	2.05
KAP95	178	2	270.32	0.0074	0.74
YRB1	178	1.75	369.84	0.0047	0.47
KAP95	179	3.5	270.32	0.0129	1.29
YRB2	179	3.5	293	0.0119	1.19
YRB1	179	2.5	369.84	0.0068	0.68
YRB1	180	9.25	369.84	0.025	2.5
YRB2	180	8	293	0.0273	2.73
YRB2	181	16	293	0.0546	5.46
YRB1	181	13.75	369.84	0.0372	3.72
KAP95	181	2	270.32	0.0074	0.74
YRB1	182	6.5	369.84	0.0176	1.76
YRB2	182	3.5	293	0.0119	1.19
YRB1	183	19.25	369.84	0.052	5.2
YRB2	183	16	293	0.0546	5.46
YRB2	184	8	293	0.0273	2.73
YRB1	184	7.75	369.84	0.021	2.1
YRB2	185	3	293	0.0102	1.02
YRB1	185	2.5	369.84	0.0068	0.68
YRB1	186	15.75	369.84	0.0426	4.26
YRB2	186	12.5	293	0.0427	4.27
YRB2	187	4	293	0.0137	1.37
YRB1	187	3.75	369.84	0.0101	1.01
YRB2	188	8	293	0.0273	2.73
YRB1	188	4	369.84	0.0108	1.08
YRB1	189	3	369.84	0.0081	0.81
YRB1	190	1	369.84	0.0027	0.27
YRB1	192	2	369.84	0.0054	0.54
YRB1	195	2	369.84	0.0054	0.54
YRB2	196	3	293	0.0102	1.02
YRB1	196	1	369.84	0.0027	0.27
YRB2	199	7	293	0.0239	2.39
YRB1	199	5.67	369.84	0.0153	1.53
YRB2	200	5	293	0.0171	1.71
YRB1	202	6.67	369.84	0.018	1.8
YRB2	202	1	293	0.0034	0.34
YRB2	203	8.5	293	0.029	2.9
YRB1	203	3.25	369.84	0.0088	0.88
YRB2	204	9	293	0.0307	3.07
YRB1	205	4.5	369.84	0.0122	1.22
YRB1	206	8.25	369.84	0.0223	2.23
YRB2	206	6	293	0.0205	2.05
YRB1	207	14.25	369.84	0.0385	3.85
YRB2	207	12	293	0.041	4.1
YRB2	208	4	293	0.0137	1.37
YRB1	208	2.25	369.84	0.0061	0.61
CRM1	208	2	264.76	0.0076	0.76
YRB1	209	9.5	369.84	0.0257	2.57
YRB2	209	6.5	293	0.0222	2.22
YRB1	210	3.5	369.84	0.0095	0.95
CRM1	210	3	264.76	0.0113	1.13
YRB2	210	1	293	0.0034	0.34
YRB1	211	13.75	369.84	0.0372	3.72
YRB2	211	11	293	0.0375	3.75
YRB2	212	5	293	0.0171	1.71
YRB1	212	4.25	369.84	0.0115	1.15
YRB2	213	5	293	0.0171	1.71
YRB1	213	4	369.84	0.0108	1.08
YRB1	214	19.67	369.84	0.0532	5.32
CRM1	214	2.5	264.76	0.0094	0.94
YRB1	215	7	369.84	0.0189	1.89
CRM1	215	5	264.76	0.0189	1.89
YRB1	216	3	369.84	0.0081	0.81
YRB1	217	1	369.84	0.0027	0.27
YRB1	218	2	369.84	0.0054	0.54
YRB1	219	17	369.84	0.046	4.6
