partner	yeastresnum	mean_n_contacts	avg_interface_size	relative_contact	percent_interface
NUP1	10	29	893	0.0325	3.25
NUP60	10	29	893	0.0325	3.25
YRB2	10	1	2940.5	3e-4	0.03
YRB2	11	13	2940.5	0.0044	0.44
NUP1	11	11	893	0.0123	1.23
NUP60	11	11	893	0.0123	1.23
YRB1	11	10	3659.5	0.0027	0.27
NUP1	12	99	893	0.1109	11.09
NUP60	12	99	893	0.1109	11.09
YRB2	12	20	2940.5	0.0068	0.68
YRB1	12	19	3659.5	0.0052	0.52
NUP1	13	23	893	0.0258	2.58
NUP60	13	23	893	0.0258	2.58
YRB2	13	20.5	2940.5	0.007	0.7
YRB1	13	19.5	3659.5	0.0053	0.53
CSE1	14	18	1739	0.0104	1.04
NUP1	14	11	893	0.0123	1.23
NUP60	14	11	893	0.0123	1.23
CRM1	14	7.6	2371.69	0.0032	0.32
KAP95	14	4.67	2332.98	0.002	0.2
KAP104	14	3	2480	0.0012	0.12
LOS1	14	3	1408	0.0021	0.21
PSE1	14	2	1571	0.0013	0.13
SRM1	19	1	1655	6e-4	0.06
SRM1	20	22	1655	0.0133	1.33
RNA1	20	18.5	1574	0.0118	1.18
KAP95	20	1	2332.98	4e-4	0.04
SRM1	21	73	1655	0.0441	4.41
CRM1	21	11	2371.69	0.0046	0.46
CSE1	21	11	1739	0.0063	0.63
RNA1	21	10.5	1574	0.0067	0.67
PSE1	21	10	1571	0.0064	0.64
NTF2	21	6	979	0.0061	0.61
SRM1	22	45	1655	0.0272	2.72
CSE1	22	25	1739	0.0144	1.44
PSE1	22	23	1571	0.0146	1.46
RNA1	22	19.5	1574	0.0124	1.24
CRM1	22	16	2371.69	0.0067	0.67
LOS1	22	1	1408	7e-4	0.07
CRM1	23	12	2371.69	0.0051	0.51
SRM1	23	7	1655	0.0042	0.42
PSE1	23	6	1571	0.0038	0.38
RNA1	23	2	1574	0.0013	0.13
CSE1	23	1	1739	6e-4	0.06
SRM1	25	2	1655	0.0012	0.12
YRB2	30	2	2940.5	7e-4	0.07
KAP95	31	99.5	2332.98	0.0426	4.26
LOS1	31	42	1408	0.0298	2.98
YRB1	31	31	3659.5	0.0085	0.85
YRB2	31	26.5	2940.5	0.009	0.9
CRM1	31	9	2371.69	0.0038	0.38
KAP104	31	4	2480	0.0016	0.16
CSE1	31	1	1739	6e-4	0.06
YRB1	32	18.25	3659.5	0.005	0.5
YRB2	32	14.5	2940.5	0.0049	0.49
KAP95	32	12	2332.98	0.0051	0.51
YRB1	33	11.75	3659.5	0.0032	0.32
KAP95	33	10	2332.98	0.0043	0.43
YRB2	33	9.5	2940.5	0.0032	0.32
YRB1	34	68.75	3659.5	0.0188	1.88
YRB2	34	61	2940.5	0.0207	2.07
KAP95	34	18	2332.98	0.0077	0.77
YRB1	35	69.25	3659.5	0.0189	1.89
YRB2	35	63.5	2940.5	0.0216	2.16
KAP95	35	43	2332.98	0.0184	1.84
LOS1	35	8	1408	0.0057	0.57
CRM1	35	1	2371.69	4e-4	0.04
YRB1	36	84.5	3659.5	0.0231	2.31
YRB2	36	67	2940.5	0.0228	2.28
KAP95	36	21.5	2332.98	0.0092	0.92
CRM1	36	6	2371.69	0.0025	0.25
KAP95	37	79.5	2332.98	0.0341	3.41
CSE1	37	28	1739	0.0161	1.61
YRB1	37	23.5	3659.5	0.0064	0.64
LOS1	37	21	1408	0.0149	1.49
YRB2	37	19	2940.5	0.0065	0.65
CRM1	37	2	2371.69	8e-4	0.08
YRB2	38	12	2940.5	0.0041	0.41
YRB1	38	7.25	3659.5	0.002	0.2
CSE1	38	3	1739	0.0017	0.17
KAP95	38	2.5	2332.98	0.0011	0.11
LOS1	38	2	1408	0.0014	0.14
KAP95	39	83	2332.98	0.0356	3.56
CSE1	39	79	1739	0.0454	4.54
LOS1	39	67	1408	0.0476	4.76
CRM1	39	53	2371.69	0.0223	2.23
PSE1	39	9	1571	0.0057	0.57
YRB1	39	1	3659.5	3e-4	0.03
CRM1	40	68.5	2371.69	0.0289	2.89
NUP1	40	66	893	0.0739	7.39
NUP60	40	66	893	0.0739	7.39
LOS1	40	49	1408	0.0348	3.48
RNA1	40	21	1574	0.0133	1.33
KAP95	40	20.5	2332.98	0.0088	0.88
PSE1	40	16	1571	0.0102	1.02
YRB2	40	14	2940.5	0.0048	0.48
CSE1	40	3	1739	0.0017	0.17
YRB1	40	3	3659.5	8e-4	0.08
RNA1	41	140.5	1574	0.0893	8.93
CRM1	41	101.5	2371.69	0.0428	4.28
PSE1	41	89	1571	0.0567	5.67
CSE1	41	36	1739	0.0207	2.07
LOS1	41	28	1408	0.0199	1.99
NTF2	41	26	979	0.0266	2.66
NUP1	41	11	893	0.0123	1.23
NUP60	41	11	893	0.0123	1.23
KAP95	41	6	2332.98	0.0026	0.26
NUP1	42	46	893	0.0515	5.15
NUP60	42	46	893	0.0515	5.15
RNA1	42	34.5	1574	0.0219	2.19
CRM1	42	29	2371.69	0.0122	1.22
NTF2	42	8	979	0.0082	0.82
LOS1	42	1	1408	7e-4	0.07
PSE1	42	1	1571	6e-4	0.06
RNA1	43	52.5	1574	0.0334	3.34
NTF2	43	10	979	0.0102	1.02
CRM1	43	2	2371.69	8e-4	0.08
NUP1	43	1	893	0.0011	0.11
NUP60	43	1	893	0.0011	0.11
NTF2	44	89	979	0.0909	9.09
NUP1	44	19	893	0.0213	2.13
NUP60	44	19	893	0.0213	2.13
RNA1	44	10	1574	0.0064	0.64
CRM1	44	3	2371.69	0.0013	0.13
RNA1	45	165.5	1574	0.1051	10.51
NTF2	45	93	979	0.095	9.5
NUP1	45	29	893	0.0325	3.25
NUP60	45	29	893	0.0325	3.25
MSN5	45	27	1264	0.0214	2.14
CRM1	45	12	2371.69	0.0051	0.51
CSE1	45	10	1739	0.0058	0.58
PSE1	45	4	1571	0.0025	0.25
KAP95	45	2.67	2332.98	0.0011	0.11
KAP104	46	46	2480	0.0185	1.85
RNA1	46	44.5	1574	0.0283	2.83
NTF2	46	16	979	0.0163	1.63
CRM1	46	13.2	2371.69	0.0056	0.56
CSE1	46	10	1739	0.0058	0.58
MSN5	46	8	1264	0.0063	0.63
PSE1	46	7	1571	0.0045	0.45
KAP95	46	5.33	2332.98	0.0023	0.23
LOS1	46	5	1408	0.0036	0.36
PSE1	47	48	1571	0.0306	3.06
CSE1	47	35	1739	0.0201	2.01
CRM1	47	33	2371.69	0.0139	1.39
KAP104	47	27	2480	0.0109	1.09
MSN5	47	22	1264	0.0174	1.74
RNA1	47	15.5	1574	0.0098	0.98
LOS1	47	11	1408	0.0078	0.78
KAP95	47	7.67	2332.98	0.0033	0.33
KAP104	48	66	2480	0.0266	2.66
PSE1	48	36	1571	0.0229	2.29
MSN5	48	11	1264	0.0087	0.87
RNA1	48	9.5	1574	0.006	0.6
CSE1	48	9	1739	0.0052	0.52
CRM1	48	7.5	2371.69	0.0032	0.32
KAP95	48	2.33	2332.98	0.001	0.1
KAP104	49	83	2480	0.0335	3.35
PSE1	49	72	1571	0.0458	4.58
MSN5	49	43	1264	0.034	3.4
NUP1	49	26	893	0.0291	2.91
NUP60	49	26	893	0.0291	2.91
KAP95	49	25	2332.98	0.0107	1.07
CRM1	49	19.4	2371.69	0.0082	0.82
LOS1	49	18	1408	0.0128	1.28
CSE1	49	14	1739	0.0081	0.81
PSE1	50	8	1571	0.0051	0.51
KAP104	50	6	2480	0.0024	0.24
KAP95	50	1	2332.98	4e-4	0.04
KAP104	51	5	2480	0.002	0.2
NUP1	51	5	893	0.0056	0.56
NUP60	51	5	893	0.0056	0.56
YRB1	52	9	3659.5	0.0025	0.25
YRB2	53	21	2940.5	0.0071	0.71
YRB1	53	16.5	3659.5	0.0045	0.45
YRB1	54	36.75	3659.5	0.01	1
YRB2	54	33.5	2940.5	0.0114	1.14
YRB2	55	32	2940.5	0.0109	1.09
YRB1	55	6.75	3659.5	0.0018	0.18
KAP95	55	1	2332.98	4e-4	0.04
YRB1	56	12.33	3659.5	0.0034	0.34
NUP1	56	11	893	0.0123	1.23
NUP60	56	11	893	0.0123	1.23
YRB2	56	11	2940.5	0.0037	0.37
YRB2	57	71	2940.5	0.0241	2.41
YRB1	57	69.33	3659.5	0.0189	1.89
YRB2	58	191.5	2940.5	0.0651	6.51
YRB1	58	175.67	3659.5	0.048	4.8
NUP1	58	101	893	0.1131	11.31
NUP60	58	101	893	0.1131	11.31
YRB2	59	27.5	2940.5	0.0094	0.94
YRB1	59	26.33	3659.5	0.0072	0.72
NUP1	59	18	893	0.0202	2.02
NUP60	59	18	893	0.0202	2.02
NUP1	60	16	893	0.0179	1.79
NUP60	60	16	893	0.0179	1.79
YRB2	60	15	2940.5	0.0051	0.51
YRB1	60	6.33	3659.5	0.0017	0.17
YRB2	61	17	2940.5	0.0058	0.58
NUP1	61	16	893	0.0179	1.79
NUP60	61	16	893	0.0179	1.79
YRB1	61	3	3659.5	8e-4	0.08
NUP1	62	6	893	0.0067	0.67
NUP60	62	6	893	0.0067	0.67
NUP1	64	27	893	0.0302	3.02
NUP60	64	27	893	0.0302	3.02
KAP104	64	6	2480	0.0024	0.24
CRM1	64	5.5	2371.69	0.0023	0.23
PSE1	64	5	1571	0.0032	0.32
CSE1	64	4	1739	0.0023	0.23
PSE1	66	89	1571	0.0567	5.67
CSE1	66	77	1739	0.0443	4.43
CRM1	66	67.6	2371.69	0.0285	2.85
NUP1	66	60	893	0.0672	6.72
NUP60	66	60	893	0.0672	6.72
KAP95	66	59.33	2332.98	0.0254	2.54
LOS1	66	57	1408	0.0405	4.05
KAP104	66	49	2480	0.0198	1.98
MSN5	66	21	1264	0.0166	1.66
NTF2	69	50	979	0.0511	5.11
SRM1	69	15	1655	0.0091	0.91
RNA1	69	4	1574	0.0025	0.25
NTF2	70	26	979	0.0266	2.66
SRM1	70	13	1655	0.0079	0.79
RNA1	70	9	1574	0.0057	0.57
KAP95	70	1	2332.98	4e-4	0.04
RNA1	71	179	1574	0.1137	11.37
NTF2	71	50	979	0.0511	5.11
CRM1	71	14.2	2371.69	0.006	0.6
PSE1	71	7	1571	0.0045	0.45
CSE1	71	4	1739	0.0023	0.23
SRM1	71	3	1655	0.0018	0.18
RNA1	72	99.5	1574	0.0632	6.32
KAP95	72	73	2332.98	0.0313	3.13
CRM1	72	31.4	2371.69	0.0132	1.32
SRM1	72	12	1655	0.0073	0.73
PSE1	72	6	1571	0.0038	0.38
NTF2	72	4	979	0.0041	0.41
MSN5	72	3	1264	0.0024	0.24
CSE1	72	1	1739	6e-4	0.06
KAP104	72	1	2480	4e-4	0.04
LOS1	72	1	1408	7e-4	0.07
NTF2	73	134	979	0.1369	13.69
SRM1	73	76	1655	0.0459	4.59
RNA1	73	73	1574	0.0464	4.64
CRM1	73	33.2	2371.69	0.014	1.4
KAP95	73	9.5	2332.98	0.0041	0.41
MSN5	73	8	1264	0.0063	0.63
KAP104	73	3	2480	0.0012	0.12
PSE1	73	3	1571	0.0019	0.19
NTF2	74	196	979	0.2002	20.02
SRM1	74	142	1655	0.0858	8.58
KAP104	74	60	2480	0.0242	2.42
CRM1	74	2.5	2371.69	0.0011	0.11
KAP95	74	1	2332.98	4e-4	0.04
RNA1	74	1	1574	6e-4	0.06
SRM1	75	43	1655	0.026	2.6
NTF2	75	26	979	0.0266	2.66
KAP104	75	5	2480	0.002	0.2
CSE1	75	4	1739	0.0023	0.23
LOS1	75	4	1408	0.0028	0.28
MSN5	75	4	1264	0.0032	0.32
KAP95	75	1.67	2332.98	7e-4	0.07
CRM1	75	1	2371.69	4e-4	0.04
KAP104	76	35	2480	0.0141	1.41
MSN5	76	33	1264	0.0261	2.61
CRM1	76	31	2371.69	0.0131	1.31
CSE1	76	31	1739	0.0178	1.78
LOS1	76	30	1408	0.0213	2.13
PSE1	76	28	1571	0.0178	1.78
SRM1	76	24	1655	0.0145	1.45
KAP95	76	20.33	2332.98	0.0087	0.87
NTF2	76	15	979	0.0153	1.53
RNA1	76	4	1574	0.0025	0.25
CRM1	77	114.2	2371.69	0.0482	4.82
RNA1	77	111	1574	0.0705	7.05
PSE1	77	99	1571	0.063	6.3
LOS1	77	98	1408	0.0696	6.96
MSN5	77	97	1264	0.0767	7.67
KAP95	77	92	2332.98	0.0394	3.94
CSE1	77	86	1739	0.0495	4.95
KAP104	77	49	2480	0.0198	1.98
SRM1	77	2	1655	0.0012	0.12
NTF2	78	157	979	0.1604	16.04
KAP104	78	116	2480	0.0468	4.68
SRM1	78	109	1655	0.0659	6.59
CSE1	78	89	1739	0.0512	5.12
LOS1	78	72	1408	0.0511	5.11
KAP95	78	37.67	2332.98	0.0161	1.61
CRM1	78	28.4	2371.69	0.012	1.2
MSN5	78	28	1264	0.0222	2.22
PSE1	78	19	1571	0.0121	1.21
RNA1	78	8	1574	0.0051	0.51
NUP1	78	1	893	0.0011	0.11
NUP60	78	1	893	0.0011	0.11
CSE1	79	72	1739	0.0414	4.14
KAP95	79	72	2332.98	0.0309	3.09
MSN5	79	63	1264	0.0498	4.98
CRM1	79	60.8	2371.69	0.0256	2.56
PSE1	79	56	1571	0.0356	3.56
LOS1	79	42	1408	0.0298	2.98
NTF2	79	30	979	0.0306	3.06
KAP104	79	22	2480	0.0089	0.89
SRM1	79	2	1655	0.0012	0.12
PSE1	80	59	1571	0.0376	3.76
KAP104	80	46	2480	0.0185	1.85
CRM1	80	36.6	2371.69	0.0154	1.54
CSE1	80	36	1739	0.0207	2.07
LOS1	80	36	1408	0.0256	2.56
KAP95	80	33.33	2332.98	0.0143	1.43
NTF2	80	33	979	0.0337	3.37
MSN5	80	30	1264	0.0237	2.37
NUP1	80	21	893	0.0235	2.35
NUP60	80	21	893	0.0235	2.35
PSE1	81	76	1571	0.0484	4.84
CRM1	81	52	2371.69	0.0219	2.19
MSN5	81	49	1264	0.0388	3.88
LOS1	81	42	1408	0.0298	2.98
CSE1	81	32	1739	0.0184	1.84
KAP95	81	29.33	2332.98	0.0126	1.26
KAP104	81	25	2480	0.0101	1.01
RNA1	81	24.5	1574	0.0156	1.56
NTF2	81	7	979	0.0072	0.72
NUP1	81	2	893	0.0022	0.22
NUP60	81	2	893	0.0022	0.22
KAP104	82	3	2480	0.0012	0.12
KAP95	82	2	2332.98	9e-4	0.09
LOS1	82	2	1408	0.0014	0.14
CRM1	82	1.75	2371.69	7e-4	0.07
CSE1	82	1	1739	6e-4	0.06
MSN5	82	1	1264	8e-4	0.08
CSE1	83	98	1739	0.0564	5.64
KAP95	83	97.33	2332.98	0.0417	4.17
KAP104	83	93	2480	0.0375	3.75
CRM1	83	88	2371.69	0.0371	3.71
LOS1	83	87	1408	0.0618	6.18
PSE1	83	71	1571	0.0452	4.52
MSN5	83	61	1264	0.0483	4.83
NUP1	83	50	893	0.056	5.6
NUP60	83	50	893	0.056	5.6
NTF2	83	3	979	0.0031	0.31
NUP1	84	101	893	0.1131	11.31
NUP60	84	101	893	0.1131	11.31
KAP104	84	81	2480	0.0327	3.27
KAP95	84	55.33	2332.98	0.0237	2.37
CRM1	84	44.6	2371.69	0.0188	1.88
CSE1	84	28	1739	0.0161	1.61
PSE1	84	24	1571	0.0153	1.53
MSN5	84	10	1264	0.0079	0.79
LOS1	84	9	1408	0.0064	0.64
KAP104	85	1	2480	4e-4	0.04
YRB1	86	17.5	3659.5	0.0048	0.48
YRB2	86	17	2940.5	0.0058	0.58
NUP1	86	6	893	0.0067	0.67
NUP60	86	6	893	0.0067	0.67
CSE1	93	17	1739	0.0098	0.98
RNA1	93	10	1574	0.0064	0.64
CRM1	93	9.5	2371.69	0.004	0.4
SRM1	93	9	1655	0.0054	0.54
LOS1	93	6	1408	0.0043	0.43
PSE1	93	5	1571	0.0032	0.32
SRM1	94	5	1655	0.003	0.3
CSE1	95	35	1739	0.0201	2.01
SRM1	95	26	1655	0.0157	1.57
RNA1	95	17	1574	0.0108	1.08
LOS1	95	6	1408	0.0043	0.43
CRM1	95	3.5	2371.69	0.0015	0.15
PSE1	95	3	1571	0.0019	0.19
SRP1	95	1	385	0.0026	0.26
SRM1	96	73	1655	0.0441	4.41
RNA1	96	47.5	1574	0.0302	3.02
CSE1	96	20	1739	0.0115	1.15
CRM1	96	9.4	2371.69	0.004	0.4
PSE1	96	6	1571	0.0038	0.38
SRP1	97	145	385	0.3766	37.66
RNA1	97	122	1574	0.0775	7.75
SRM1	97	118	1655	0.0713	7.13
CRM1	97	2.33	2371.69	0.001	0.1
CSE1	97	1	1739	6e-4	0.06
SRM1	98	87	1655	0.0526	5.26
RNA1	98	78	1574	0.0496	4.96
CRM1	98	28	2371.69	0.0118	1.18
SRP1	98	16	385	0.0416	4.16
CSE1	98	10	1739	0.0058	0.58
LOS1	98	6	1408	0.0043	0.43
RNA1	99	19	1574	0.0121	1.21
SRM1	99	13	1655	0.0079	0.79
CRM1	99	12	2371.69	0.0051	0.51
PSE1	99	1	1571	6e-4	0.06
SRM1	100	56	1655	0.0338	3.38
SRM1	101	154	1655	0.0931	9.31
SRP1	101	91	385	0.2364	23.64
LOS1	101	25	1408	0.0178	1.78
CRM1	101	16	2371.69	0.0067	0.67
RNA1	101	8	1574	0.0051	0.51
MSN5	101	1	1264	8e-4	0.08
SRM1	102	27	1655	0.0163	1.63
RNA1	102	13.5	1574	0.0086	0.86
LOS1	102	12	1408	0.0085	0.85
CRM1	102	4	2371.69	0.0017	0.17
KAP95	102	2.5	2332.98	0.0011	0.11
SRM1	103	5	1655	0.003	0.3
SRM1	104	55	1655	0.0332	3.32
LOS1	104	34	1408	0.0241	2.41
MSN5	104	26	1264	0.0206	2.06
CRM1	104	14.2	2371.69	0.006	0.6
SRM1	105	60	1655	0.0363	3.63
MSN5	105	57	1264	0.0451	4.51
CRM1	105	25	2371.69	0.0105	1.05
LOS1	105	23	1408	0.0163	1.63
KAP95	105	7	2332.98	0.003	0.3
KAP95	106	22.33	2332.98	0.0096	0.96
RNA1	106	1	1574	6e-4	0.06
MSN5	108	159	1264	0.1258	12.58
SRM1	108	132	1655	0.0798	7.98
CRM1	108	81.8	2371.69	0.0345	3.45
LOS1	108	78	1408	0.0554	5.54
KAP104	108	24	2480	0.0097	0.97
KAP95	108	23	2332.98	0.0099	0.99
PSE1	108	9	1571	0.0057	0.57
CSE1	108	8	1739	0.0046	0.46
SRM1	109	44	1655	0.0266	2.66
MSN5	109	39	1264	0.0309	3.09
KAP95	109	10.67	2332.98	0.0046	0.46
CSE1	109	8	1739	0.0046	0.46
PSE1	109	7	1571	0.0045	0.45
LOS1	109	3	1408	0.0021	0.21
KAP104	109	2	2480	8e-4	0.08
CRM1	109	1	2371.69	4e-4	0.04
SRM1	110	1	1655	6e-4	0.06
KAP95	111	4.33	2332.98	0.0019	0.19
PSE1	111	4	1571	0.0025	0.25
LOS1	111	2	1408	0.0014	0.14
MSN5	111	2	1264	0.0016	0.16
CRM1	111	1	2371.69	4e-4	0.04
CSE1	111	1	1739	6e-4	0.06
KAP95	112	157	2332.98	0.0673	6.73
MSN5	112	131	1264	0.1036	10.36
CRM1	112	114.2	2371.69	0.0482	4.82
CSE1	112	108	1739	0.0621	6.21
KAP104	112	104	2480	0.0419	4.19
PSE1	112	99	1571	0.063	6.3
LOS1	112	98	1408	0.0696	6.96
SRM1	112	66	1655	0.0399	3.99
MSN5	113	78	1264	0.0617	6.17
LOS1	113	72	1408	0.0511	5.11
CSE1	113	50	1739	0.0288	2.88
PSE1	113	43	1571	0.0274	2.74
CRM1	113	38.6	2371.69	0.0163	1.63
KAP95	113	33.67	2332.98	0.0144	1.44
KAP104	113	2	2480	8e-4	0.08
KAP95	114	14	2332.98	0.006	0.6
MSN5	114	7	1264	0.0055	0.55
LOS1	114	4	1408	0.0028	0.28
CSE1	114	2	1739	0.0012	0.12
PSE1	114	2	1571	0.0013	0.13
CRM1	114	1.8	2371.69	8e-4	0.08
PSE1	115	62	1571	0.0395	3.95
LOS1	115	43	1408	0.0305	3.05
MSN5	115	39	1264	0.0309	3.09
KAP95	115	38	2332.98	0.0163	1.63
CRM1	115	30	2371.69	0.0126	1.26
CSE1	115	22	1739	0.0127	1.27
KAP104	115	15	2480	0.006	0.6
YRB1	116	29	3659.5	0.0079	0.79
YRB2	116	21	2940.5	0.0071	0.71
KAP95	116	11	2332.98	0.0047	0.47
CRM1	116	3.2	2371.69	0.0013	0.13
PSE1	116	1	1571	6e-4	0.06
YRB2	117	28	2940.5	0.0095	0.95
YRB1	117	18.5	3659.5	0.0051	0.51
YRB2	118	43	2940.5	0.0146	1.46
YRB1	118	40.5	3659.5	0.0111	1.11
YRB2	119	4	2940.5	0.0014	0.14
YRB1	119	3	3659.5	8e-4	0.08
CSE1	125	22	1739	0.0127	1.27
LOS1	125	16	1408	0.0114	1.14
RNA1	125	15	1574	0.0095	0.95
PSE1	125	10	1571	0.0064	0.64
CRM1	125	4	2371.69	0.0017	0.17
KAP104	126	39	2480	0.0157	1.57
CSE1	126	18	1739	0.0104	1.04
CRM1	126	13.2	2371.69	0.0056	0.56
CSE1	127	59	1739	0.0339	3.39
KAP104	127	32	2480	0.0129	1.29
CRM1	127	8	2371.69	0.0034	0.34
LOS1	127	1	1408	7e-4	0.07
CSE1	128	53	1739	0.0305	3.05
KAP104	128	24	2480	0.0097	0.97
LOS1	128	12	1408	0.0085	0.85
PSE1	128	7	1571	0.0045	0.45
RNA1	128	5	1574	0.0032	0.32
CRM1	128	2.5	2371.69	0.0011	0.11
CSE1	129	121	1739	0.0696	6.96
KAP104	129	120	2480	0.0484	4.84
CRM1	129	44.5	2371.69	0.0188	1.88
MSN5	129	17	1264	0.0134	1.34
SRP1	129	10	385	0.026	2.6
KAP95	129	8.5	2332.98	0.0036	0.36
RNA1	129	4	1574	0.0025	0.25
RNA1	130	59	1574	0.0375	3.75
CSE1	130	25	1739	0.0144	1.44
SRP1	130	18	385	0.0468	4.68
LOS1	130	14	1408	0.0099	0.99
CRM1	130	7	2371.69	0.003	0.3
MSN5	130	3	1264	0.0024	0.24
KAP104	130	2	2480	8e-4	0.08
CRM1	131	35.4	2371.69	0.0149	1.49
KAP104	131	21	2480	0.0085	0.85
SRP1	131	17	385	0.0442	4.42
RNA1	131	8.5	1574	0.0054	0.54
CSE1	131	2	1739	0.0012	0.12
RNA1	132	99	1574	0.0629	6.29
SRP1	132	43	385	0.1117	11.17
MSN5	132	14	1264	0.0111	1.11
SRM1	132	14	1655	0.0085	0.85
CRM1	132	8.33	2371.69	0.0035	0.35
LOS1	132	2	1408	0.0014	0.14
KAP104	134	52	2480	0.021	2.1
CSE1	134	28	1739	0.0161	1.61
SRP1	134	13	385	0.0338	3.38
CRM1	134	12.5	2371.69	0.0053	0.53
RNA1	134	4.5	1574	0.0029	0.29
KAP104	135	36	2480	0.0145	1.45
CRM1	135	29.2	2371.69	0.0123	1.23
CSE1	135	26	1739	0.015	1.5
CSE1	136	63	1739	0.0362	3.62
KAP104	136	48	2480	0.0194	1.94
SRM1	136	18	1655	0.0109	1.09
SRP1	136	18	385	0.0468	4.68
CRM1	136	16	2371.69	0.0067	0.67
KAP95	136	12	2332.98	0.0051	0.51
PSE1	136	4	1571	0.0025	0.25
SRP1	137	13	385	0.0338	3.38
RNA1	137	6	1574	0.0038	0.38
CSE1	137	1	1739	6e-4	0.06
KAP104	138	9	2480	0.0036	0.36
CRM1	138	2.2	2371.69	9e-4	0.09
KAP95	138	2	2332.98	9e-4	0.09
PSE1	139	30	1571	0.0191	1.91
SRM1	139	30	1655	0.0181	1.81
KAP95	139	6	2332.98	0.0026	0.26
CRM1	139	1	2371.69	4e-4	0.04
LOS1	139	1	1408	7e-4	0.07
LOS1	140	13	1408	0.0092	0.92
SRM1	140	9	1655	0.0054	0.54
KAP104	141	61	2480	0.0246	2.46
KAP95	141	53.33	2332.98	0.0229	2.29
YRB1	141	33.5	3659.5	0.0092	0.92
CRM1	141	32.2	2371.69	0.0136	1.36
PSE1	141	2	1571	0.0013	0.13
KAP95	142	147.33	2332.98	0.0632	6.32
KAP104	142	140	2480	0.0565	5.65
PSE1	142	138	1571	0.0878	8.78
CRM1	142	124.2	2371.69	0.0524	5.24
YRB1	142	50	3659.5	0.0137	1.37
SRM1	142	47	1655	0.0284	2.84
LOS1	142	11	1408	0.0078	0.78
CSE1	142	7	1739	0.004	0.4
MSN5	142	1	1264	8e-4	0.08
PSE1	143	96	1571	0.0611	6.11
CRM1	143	68.8	2371.69	0.029	2.9
KAP104	143	68	2480	0.0274	2.74
KAP95	143	55.33	2332.98	0.0237	2.37
CSE1	143	15	1739	0.0086	0.86
SRM1	143	15	1655	0.0091	0.91
LOS1	143	10	1408	0.0071	0.71
YRB1	143	4.5	3659.5	0.0012	0.12
MSN5	143	1	1264	8e-4	0.08
PSE1	144	47	1571	0.0299	2.99
KAP95	144	27	2332.98	0.0116	1.16
LOS1	144	11	1408	0.0078	0.78
CRM1	144	7.6	2371.69	0.0032	0.32
YRB1	144	4	3659.5	0.0011	0.11
CSE1	144	3	1739	0.0017	0.17
YRB1	145	109.5	3659.5	0.0299	2.99
CRM1	145	92.6	2371.69	0.039	3.9
PSE1	145	59	1571	0.0376	3.76
KAP104	145	54	2480	0.0218	2.18
KAP95	145	44.67	2332.98	0.0191	1.91
CSE1	145	36	1739	0.0207	2.07
MSN5	145	19	1264	0.015	1.5
YRB2	145	2	2940.5	7e-4	0.07
YRB1	146	32	3659.5	0.0087	0.87
KAP104	146	27	2480	0.0109	1.09
KAP95	146	12.33	2332.98	0.0053	0.53
CRM1	146	8.6	2371.69	0.0036	0.36
PSE1	146	2	1571	0.0013	0.13
KAP104	147	64	2480	0.0258	2.58
KAP95	147	57.67	2332.98	0.0247	2.47
CRM1	147	29.8	2371.69	0.0126	1.26
YRB1	147	23.5	3659.5	0.0064	0.64
MSN5	147	22	1264	0.0174	1.74
PSE1	147	12	1571	0.0076	0.76
LOS1	147	8	1408	0.0057	0.57
KAP104	148	74	2480	0.0298	2.98
CRM1	148	43.8	2371.69	0.0185	1.85
KAP95	148	14	2332.98	0.006	0.6
LOS1	148	4	1408	0.0028	0.28
CSE1	148	2	1739	0.0012	0.12
MSN5	148	1	1264	8e-4	0.08
YRB1	148	1	3659.5	3e-4	0.03
LOS1	149	32	1408	0.0227	2.27
KAP95	149	24	2332.98	0.0103	1.03
MSN5	149	22	1264	0.0174	1.74
PSE1	149	21	1571	0.0134	1.34
KAP104	149	15	2480	0.006	0.6
CRM1	149	3	2371.69	0.0013	0.13
CRM1	150	45.6	2371.69	0.0192	1.92
KAP104	150	45	2480	0.0181	1.81
CSE1	150	4	1739	0.0023	0.23
KAP104	152	3	2480	0.0012	0.12
CRM1	152	2	2371.69	8e-4	0.08
KAP95	154	66.5	2332.98	0.0285	2.85
CSE1	154	53	1739	0.0305	3.05
LOS1	154	30	1408	0.0213	2.13
CRM1	154	8	2371.69	0.0034	0.34
YRB1	154	1.75	3659.5	5e-4	0.05
YRB2	154	1.5	2940.5	5e-4	0.05
PSE1	154	1	1571	6e-4	0.06
CSE1	155	56	1739	0.0322	3.22
KAP95	155	54	2332.98	0.0231	2.31
CRM1	155	23.2	2371.69	0.0098	0.98
KAP104	155	21	2480	0.0085	0.85
LOS1	155	14	1408	0.0099	0.99
YRB2	155	3	2940.5	0.001	0.1
KAP95	156	93.5	2332.98	0.0401	4.01
KAP104	156	84	2480	0.0339	3.39
LOS1	156	18	1408	0.0128	1.28
YRB2	156	15	2940.5	0.0051	0.51
CSE1	156	10	1739	0.0058	0.58
CRM1	156	9.33	2371.69	0.0039	0.39
YRB1	156	2.25	3659.5	6e-4	0.06
KAP104	157	191	2480	0.077	7.7
CRM1	157	111	2371.69	0.0468	4.68
KAP95	157	61.5	2332.98	0.0264	2.64
YRB2	157	10	2940.5	0.0034	0.34
CSE1	157	7	1739	0.004	0.4
LOS1	157	2	1408	0.0014	0.14
KAP104	158	38	2480	0.0153	1.53
KAP95	158	16.33	2332.98	0.007	0.7
LOS1	158	16	1408	0.0114	1.14
YRB2	158	11	2940.5	0.0037	0.37
CRM1	158	4.8	2371.69	0.002	0.2
KAP104	159	43	2480	0.0173	1.73
YRB1	159	37.75	3659.5	0.0103	1.03
KAP95	159	35.5	2332.98	0.0152	1.52
YRB2	159	35.5	2940.5	0.0121	1.21
YRB1	160	45.5	3659.5	0.0124	1.24
YRB2	160	45	2940.5	0.0153	1.53
KAP104	160	25	2480	0.0101	1.01
KAP95	160	20.5	2332.98	0.0088	0.88
LOS1	161	45	1408	0.032	3.2
MSN5	161	20	1264	0.0158	1.58
PSE1	161	18	1571	0.0115	1.15
KAP95	161	17	2332.98	0.0073	0.73
KAP104	161	9	2480	0.0036	0.36
YRB1	161	2	3659.5	5e-4	0.05
YRB2	161	1	2940.5	3e-4	0.03
YRB2	163	5	2940.5	0.0017	0.17
KAP95	164	3	2332.98	0.0013	0.13
KAP104	164	2	2480	8e-4	0.08
PSE1	164	1	1571	6e-4	0.06
YRB1	165	40.5	3659.5	0.0111	1.11
KAP95	165	25.67	2332.98	0.011	1.1
KAP104	165	11	2480	0.0044	0.44
CRM1	165	9	2371.69	0.0038	0.38
MSN5	165	9	1264	0.0071	0.71
YRB2	165	8	2940.5	0.0027	0.27
PSE1	165	4	1571	0.0025	0.25
YRB2	167	5	2940.5	0.0017	0.17
KAP104	168	34	2480	0.0137	1.37
KAP95	168	22	2332.98	0.0094	0.94
MSN5	168	12	1264	0.0095	0.95
PSE1	168	4	1571	0.0025	0.25
YRB1	168	1	3659.5	3e-4	0.03
YRB1	169	100	3659.5	0.0273	2.73
YRB2	169	54	2940.5	0.0184	1.84
CRM1	169	16.2	2371.69	0.0068	0.68
MSN5	169	15	1264	0.0119	1.19
KAP95	169	6.5	2332.98	0.0028	0.28
YRB1	170	75	3659.5	0.0205	2.05
YRB2	170	43.5	2940.5	0.0148	1.48
NUP1	170	15	893	0.0168	1.68
NUP60	170	15	893	0.0168	1.68
YRB1	171	64.67	3659.5	0.0177	1.77
YRB2	171	63.5	2940.5	0.0216	2.16
NUP1	171	57	893	0.0638	6.38
NUP60	171	57	893	0.0638	6.38
YRB2	172	23	2940.5	0.0078	0.78
YRB1	172	20	3659.5	0.0055	0.55
CRM1	172	2.25	2371.69	9e-4	0.09
NUP1	172	1	893	0.0011	0.11
NUP60	172	1	893	0.0011	0.11
YRB2	173	8.5	2940.5	0.0029	0.29
YRB1	173	2	3659.5	5e-4	0.05
KAP104	174	56	2480	0.0226	2.26
MSN5	174	32	1264	0.0253	2.53
CRM1	174	25.4	2371.69	0.0107	1.07
KAP95	174	16	2332.98	0.0069	0.69
KAP104	175	25	2480	0.0101	1.01
MSN5	175	18	1264	0.0142	1.42
KAP95	175	16.33	2332.98	0.007	0.7
YRB2	175	15	2940.5	0.0051	0.51
YRB1	175	13	3659.5	0.0036	0.36
CRM1	175	1	2371.69	4e-4	0.04
NUP1	176	8	893	0.009	0.9
NUP60	176	8	893	0.009	0.9
KAP104	176	3	2480	0.0012	0.12
YRB2	176	3	2940.5	0.001	0.1
YRB1	176	1	3659.5	3e-4	0.03
KAP104	177	22	2480	0.0089	0.89
KAP95	177	8.5	2332.98	0.0036	0.36
YRB1	178	54.75	3659.5	0.015	1.5
YRB2	178	53	2940.5	0.018	1.8
KAP95	178	17	2332.98	0.0073	0.73
YRB1	179	37.5	3659.5	0.0102	1.02
YRB2	179	31.5	2940.5	0.0107	1.07
KAP95	179	16.5	2332.98	0.0071	0.71
YRB1	180	76.5	3659.5	0.0209	2.09
YRB2	180	75	2940.5	0.0255	2.55
KAP95	180	7	2332.98	0.003	0.3
YRB2	181	123.5	2940.5	0.042	4.2
YRB1	181	119.75	3659.5	0.0327	3.27
KAP95	181	11	2332.98	0.0047	0.47
YRB1	182	84.75	3659.5	0.0232	2.32
YRB2	182	68.5	2940.5	0.0233	2.33
YRB1	183	127.75	3659.5	0.0349	3.49
YRB2	183	113.5	2940.5	0.0386	3.86
YRB1	184	81.25	3659.5	0.0222	2.22
YRB2	184	67.5	2940.5	0.023	2.3
YRB1	185	46	3659.5	0.0126	1.26
YRB2	185	42	2940.5	0.0143	1.43
YRB1	186	150.5	3659.5	0.0411	4.11
YRB2	186	134	2940.5	0.0456	4.56
YRB1	187	66.5	3659.5	0.0182	1.82
YRB2	187	59.5	2940.5	0.0202	2.02
YRB2	188	58	2940.5	0.0197	1.97
YRB1	188	29.25	3659.5	0.008	0.8
YRB1	189	45.67	3659.5	0.0125	1.25
YRB2	189	16	2940.5	0.0054	0.54
YRB1	190	10	3659.5	0.0027	0.27
YRB1	191	18.5	3659.5	0.0051	0.51
YRB1	192	11.5	3659.5	0.0031	0.31
YRB2	192	11	2940.5	0.0037	0.37
YRB1	195	10	3659.5	0.0027	0.27
YRB2	196	17	2940.5	0.0058	0.58
YRB1	196	9	3659.5	0.0025	0.25
YRB1	199	64.67	3659.5	0.0177	1.77
YRB2	199	62	2940.5	0.0211	2.11
YRB2	200	52	2940.5	0.0177	1.77
YRB1	200	6	3659.5	0.0016	0.16
YRB1	202	44.5	3659.5	0.0122	1.22
YRB2	202	15	2940.5	0.0051	0.51
YRB2	203	95	2940.5	0.0323	3.23
YRB1	203	70.25	3659.5	0.0192	1.92
YRB2	204	50	2940.5	0.017	1.7
YRB1	204	3	3659.5	8e-4	0.08
YRB1	205	32.75	3659.5	0.0089	0.89
YRB2	205	14	2940.5	0.0048	0.48
YRB1	206	79.75	3659.5	0.0218	2.18
YRB2	206	58.5	2940.5	0.0199	1.99
YRB2	207	125	2940.5	0.0425	4.25
YRB1	207	120	3659.5	0.0328	3.28
YRB1	208	29.25	3659.5	0.008	0.8
YRB2	208	22	2940.5	0.0075	0.75
CRM1	208	13.67	2371.69	0.0058	0.58
YRB1	209	81.75	3659.5	0.0223	2.23
YRB2	209	73.5	2940.5	0.025	2.5
CRM1	209	4.5	2371.69	0.0019	0.19
YRB1	210	51.25	3659.5	0.014	1.4
CRM1	210	29.33	2371.69	0.0124	1.24
YRB2	210	26	2940.5	0.0088	0.88
YRB1	211	153.5	3659.5	0.0419	4.19
YRB2	211	125.5	2940.5	0.0427	4.27
CRM1	211	1	2371.69	4e-4	0.04
YRB2	212	68.5	2940.5	0.0233	2.33
YRB1	212	63	3659.5	0.0172	1.72
YRB2	213	55	2940.5	0.0187	1.87
YRB1	213	25.5	3659.5	0.007	0.7
YRB1	214	90.5	3659.5	0.0247	2.47
CRM1	214	33	2371.69	0.0139	1.39
YRB1	215	27.5	3659.5	0.0075	0.75
CRM1	215	21	2371.69	0.0089	0.89
YRB1	216	20.5	3659.5	0.0056	0.56
YRB1	217	26	3659.5	0.0071	0.71
YRB1	218	27	3659.5	0.0074	0.74
CRM1	218	2	2371.69	8e-4	0.08
YRB1	219	162	3659.5	0.0443	4.43
